BEGIN_LIST
BEGIN_ARC 
BC INT       
 BC MIX 4.0E-3
 1.000000 0.200000 0.200000 0.350000 start
 1.000000 0.200000 0.200000 0.400000 end
 1.000000 0.200000 0.200000 0.353571 int
 1.000000 0.200000 0.200000 0.357143 int
 1.000000 0.200000 0.200000 0.360714 int
 1.000000 0.200000 0.200000 0.364286 int
 1.000000 0.200000 0.200000 0.367857 int
 1.000000 0.200000 0.200000 0.371429 int
 1.000000 0.200000 0.200000 0.375000 int
 1.000000 0.200000 0.200000 0.378571 int
 1.000000 0.200000 0.200000 0.382143 int
 1.000000 0.200000 0.200000 0.385714 int
 1.000000 0.200000 0.200000 0.389286 int
 1.000000 0.200000 0.200000 0.392857 int
 1.000000 0.200000 0.200000 0.396429 int
END_ARC 
BEGIN_ARC 
BC INT    
 BC INT    
 2.000000 0.200000 0.300000 0.300000 start
 2.000000 0.200000 0.200000 0.350000 end
 2.000000 0.200000 0.292857 0.303571 int
 2.000000 0.200000 0.285714 0.307143 int
 2.000000 0.200000 0.278571 0.310714 int
 2.000000 0.200000 0.271429 0.314286 int
 2.000000 0.200000 0.264286 0.317857 int
 2.000000 0.200000 0.257143 0.321429 int
 2.000000 0.200000 0.250000 0.325000 int
 2.000000 0.200000 0.242857 0.328571 int
 2.000000 0.200000 0.235714 0.332143 int
 2.000000 0.200000 0.228571 0.335714 int
 2.000000 0.200000 0.221429 0.339286 int
 2.000000 0.200000 0.214286 0.342857 int
 2.000000 0.200000 0.207143 0.346429 int
END_ARC 
BEGIN_ARC 
BC INT    
 BC INT    
 3.000000 0.200000 0.350000 0.250000 start
 3.000000 0.200000 0.300000 0.300000 end
 3.000000 0.200000 0.346429 0.253571 int
 3.000000 0.200000 0.342857 0.257143 int
 3.000000 0.200000 0.339286 0.260714 int
 3.000000 0.200000 0.335714 0.264286 int
 3.000000 0.200000 0.332143 0.267857 int
 3.000000 0.200000 0.328571 0.271429 int
 3.000000 0.200000 0.325000 0.275000 int
 3.000000 0.200000 0.321429 0.278571 int
 3.000000 0.200000 0.317857 0.282143 int
 3.000000 0.200000 0.314286 0.285714 int
 3.000000 0.200000 0.310714 0.289286 int
 3.000000 0.200000 0.307143 0.292857 int
 3.000000 0.200000 0.303571 0.296429 int
END_ARC 
BEGIN_ARC 
BC MIX 0.0
 BC INT    
 4.000000 0.200000 0.360000 0.100000 start
 4.000000 0.200000 0.350000 0.250000 end
 4.000000 0.200000 0.359655 0.105172 int
 4.000000 0.200000 0.359310 0.110345 int
 4.000000 0.200000 0.358966 0.115517 int
 4.000000 0.200000 0.358621 0.120690 int
 4.000000 0.200000 0.358276 0.125862 int
 4.000000 0.200000 0.357931 0.131034 int
 4.000000 0.200000 0.357586 0.136207 int
 4.000000 0.200000 0.357241 0.141379 int
 4.000000 0.200000 0.356897 0.146552 int
 4.000000 0.200000 0.356552 0.151724 int
 4.000000 0.200000 0.356207 0.156897 int
 4.000000 0.200000 0.355862 0.162069 int
 4.000000 0.200000 0.355517 0.167241 int
 4.000000 0.200000 0.355172 0.172414 int
 4.000000 0.200000 0.354828 0.177586 int
 4.000000 0.200000 0.354483 0.182759 int
 4.000000 0.200000 0.354138 0.187931 int
 4.000000 0.200000 0.353793 0.193103 int
 4.000000 0.200000 0.353448 0.198276 int
 4.000000 0.200000 0.353103 0.203448 int
 4.000000 0.200000 0.352759 0.208621 int
 4.000000 0.200000 0.352414 0.213793 int
 4.000000 0.200000 0.352069 0.218966 int
 4.000000 0.200000 0.351724 0.224138 int
 4.000000 0.200000 0.351379 0.229310 int
 4.000000 0.200000 0.351034 0.234483 int
 4.000000 0.200000 0.350690 0.239655 int
 4.000000 0.200000 0.350345 0.244828 int
END_ARC 
BEGIN_ARC 
BC MIX 0.0
 BC INT    
 5.000000 0.200000 0.300000 0.200000 start
 5.000000 0.200000 0.350000 0.250000 end
 5.000000 0.200000 0.303571 0.203571 int
 5.000000 0.200000 0.307143 0.207143 int
 5.000000 0.200000 0.310714 0.210714 int
 5.000000 0.200000 0.314286 0.214286 int
 5.000000 0.200000 0.317857 0.217857 int
 5.000000 0.200000 0.321429 0.221429 int
 5.000000 0.200000 0.325000 0.225000 int
 5.000000 0.200000 0.328571 0.228571 int
 5.000000 0.200000 0.332143 0.232143 int
 5.000000 0.200000 0.335714 0.235714 int
 5.000000 0.200000 0.339286 0.239286 int
 5.000000 0.200000 0.342857 0.242857 int
 5.000000 0.200000 0.346429 0.246429 int
END_ARC 
BEGIN_ARC 
BC INT    
 BC INT    
 6.000000 0.200000 0.225000 0.250000 start
 6.000000 0.200000 0.300000 0.300000 end
 6.000000 0.200000 0.230357 0.253571 int
 6.000000 0.200000 0.235714 0.257143 int
 6.000000 0.200000 0.241071 0.260714 int
 6.000000 0.200000 0.246429 0.264286 int
 6.000000 0.200000 0.251786 0.267857 int
 6.000000 0.200000 0.257143 0.271429 int
 6.000000 0.200000 0.262500 0.275000 int
 6.000000 0.200000 0.267857 0.278571 int
 6.000000 0.200000 0.273214 0.282143 int
 6.000000 0.200000 0.278571 0.285714 int
 6.000000 0.200000 0.283929 0.289286 int
 6.000000 0.200000 0.289286 0.292857 int
 6.000000 0.200000 0.294643 0.296429 int
END_ARC 
BEGIN_ARC 
BC MIX 0.0
 BC INT    
 7.000000 0.200000 0.275000 0.100000 start
 7.000000 0.200000 0.225000 0.250000 end
 7.000000 0.200000 0.273276 0.105172 int
 7.000000 0.200000 0.271552 0.110345 int
 7.000000 0.200000 0.269828 0.115517 int
 7.000000 0.200000 0.268103 0.120690 int
 7.000000 0.200000 0.266379 0.125862 int
 7.000000 0.200000 0.264655 0.131034 int
 7.000000 0.200000 0.262931 0.136207 int
 7.000000 0.200000 0.261207 0.141379 int
 7.000000 0.200000 0.259483 0.146552 int
 7.000000 0.200000 0.257759 0.151724 int
 7.000000 0.200000 0.256034 0.156897 int
 7.000000 0.200000 0.254310 0.162069 int
 7.000000 0.200000 0.252586 0.167241 int
 7.000000 0.200000 0.250862 0.172414 int
 7.000000 0.200000 0.249138 0.177586 int
 7.000000 0.200000 0.247414 0.182759 int
 7.000000 0.200000 0.245690 0.187931 int
 7.000000 0.200000 0.243966 0.193103 int
 7.000000 0.200000 0.242241 0.198276 int
 7.000000 0.200000 0.240517 0.203448 int
 7.000000 0.200000 0.238793 0.208621 int
 7.000000 0.200000 0.237069 0.213793 int
 7.000000 0.200000 0.235345 0.218966 int
 7.000000 0.200000 0.233621 0.224138 int
 7.000000 0.200000 0.231897 0.229310 int
 7.000000 0.200000 0.230172 0.234483 int
 7.000000 0.200000 0.228448 0.239655 int
 7.000000 0.200000 0.226724 0.244828 int
END_ARC 
BEGIN_ARC 
BC MIX 0.0
 BC INT    
 8.000000 0.200000 0.175000 0.100000 start
 8.000000 0.200000 0.225000 0.250000 end
 8.000000 0.200000 0.176724 0.105172 int
 8.000000 0.200000 0.178448 0.110345 int
 8.000000 0.200000 0.180172 0.115517 int
 8.000000 0.200000 0.181897 0.120690 int
 8.000000 0.200000 0.183621 0.125862 int
 8.000000 0.200000 0.185345 0.131034 int
 8.000000 0.200000 0.187069 0.136207 int
 8.000000 0.200000 0.188793 0.141379 int
 8.000000 0.200000 0.190517 0.146552 int
 8.000000 0.200000 0.192241 0.151724 int
 8.000000 0.200000 0.193966 0.156897 int
 8.000000 0.200000 0.195690 0.162069 int
 8.000000 0.200000 0.197414 0.167241 int
 8.000000 0.200000 0.199138 0.172414 int
 8.000000 0.200000 0.200862 0.177586 int
 8.000000 0.200000 0.202586 0.182759 int
 8.000000 0.200000 0.204310 0.187931 int
 8.000000 0.200000 0.206034 0.193103 int
 8.000000 0.200000 0.207759 0.198276 int
 8.000000 0.200000 0.209483 0.203448 int
 8.000000 0.200000 0.211207 0.208621 int
 8.000000 0.200000 0.212931 0.213793 int
 8.000000 0.200000 0.214655 0.218966 int
 8.000000 0.200000 0.216379 0.224138 int
 8.000000 0.200000 0.218103 0.229310 int
 8.000000 0.200000 0.219828 0.234483 int
 8.000000 0.200000 0.221552 0.239655 int
 8.000000 0.200000 0.223276 0.244828 int
END_ARC 
BEGIN_ARC 
BC INT    
 BC INT    
 9.000000 0.200000 0.100000 0.300000 start
 9.000000 0.200000 0.200000 0.350000 end
 9.000000 0.200000 0.107143 0.303571 int
 9.000000 0.200000 0.114286 0.307143 int
 9.000000 0.200000 0.121429 0.310714 int
 9.000000 0.200000 0.128571 0.314286 int
 9.000000 0.200000 0.135714 0.317857 int
 9.000000 0.200000 0.142857 0.321429 int
 9.000000 0.200000 0.150000 0.325000 int
 9.000000 0.200000 0.157143 0.328571 int
 9.000000 0.200000 0.164286 0.332143 int
 9.000000 0.200000 0.171429 0.335714 int
 9.000000 0.200000 0.178571 0.339286 int
 9.000000 0.200000 0.185714 0.342857 int
 9.000000 0.200000 0.192857 0.346429 int
END_ARC 
BEGIN_ARC 
BC INT    
 BC INT    
 10.000000 0.200000 0.150000 0.250000 start
 10.000000 0.200000 0.100000 0.300000 end
 10.000000 0.200000 0.146429 0.253571 int
 10.000000 0.200000 0.142857 0.257143 int
 10.000000 0.200000 0.139286 0.260714 int
 10.000000 0.200000 0.135714 0.264286 int
 10.000000 0.200000 0.132143 0.267857 int
 10.000000 0.200000 0.128571 0.271429 int
 10.000000 0.200000 0.125000 0.275000 int
 10.000000 0.200000 0.121429 0.278571 int
 10.000000 0.200000 0.117857 0.282143 int
 10.000000 0.200000 0.114286 0.285714 int
 10.000000 0.200000 0.110714 0.289286 int
 10.000000 0.200000 0.107143 0.292857 int
 10.000000 0.200000 0.103571 0.296429 int
END_ARC 
BEGIN_ARC 
BC MIX 0.0
 BC INT    
 11.000000 0.200000 0.175000 0.200000 start
 11.000000 0.200000 0.150000 0.250000 end
 11.000000 0.200000 0.173214 0.203571 int
 11.000000 0.200000 0.171429 0.207143 int
 11.000000 0.200000 0.169643 0.210714 int
 11.000000 0.200000 0.167857 0.214286 int
 11.000000 0.200000 0.166071 0.217857 int
 11.000000 0.200000 0.164286 0.221429 int
 11.000000 0.200000 0.162500 0.225000 int
 11.000000 0.200000 0.160714 0.228571 int
 11.000000 0.200000 0.158929 0.232143 int
 11.000000 0.200000 0.157143 0.235714 int
 11.000000 0.200000 0.155357 0.239286 int
 11.000000 0.200000 0.153571 0.242857 int
 11.000000 0.200000 0.151786 0.246429 int
END_ARC 
BEGIN_ARC 
BC MIX 0.0
 BC INT    
 12.000000 0.200000 0.100000 0.200000 start
 12.000000 0.200000 0.150000 0.250000 end
 12.000000 0.200000 0.103571 0.203571 int
 12.000000 0.200000 0.107143 0.207143 int
 12.000000 0.200000 0.110714 0.210714 int
 12.000000 0.200000 0.114286 0.214286 int
 12.000000 0.200000 0.117857 0.217857 int
 12.000000 0.200000 0.121429 0.221429 int
 12.000000 0.200000 0.125000 0.225000 int
 12.000000 0.200000 0.128571 0.228571 int
 12.000000 0.200000 0.132143 0.232143 int
 12.000000 0.200000 0.135714 0.235714 int
 12.000000 0.200000 0.139286 0.239286 int
 12.000000 0.200000 0.142857 0.242857 int
 12.000000 0.200000 0.146429 0.246429 int
END_ARC 
BEGIN_ARC 
BC INT    
 BC INT    
 13.000000 0.200000 0.050000 0.250000 start
 13.000000 0.200000 0.100000 0.300000 end
 13.000000 0.200000 0.053571 0.253571 int
 13.000000 0.200000 0.057143 0.257143 int
 13.000000 0.200000 0.060714 0.260714 int
 13.000000 0.200000 0.064286 0.264286 int
 13.000000 0.200000 0.067857 0.267857 int
 13.000000 0.200000 0.071429 0.271429 int
 13.000000 0.200000 0.075000 0.275000 int
 13.000000 0.200000 0.078571 0.278571 int
 13.000000 0.200000 0.082143 0.282143 int
 13.000000 0.200000 0.085714 0.285714 int
 13.000000 0.200000 0.089286 0.289286 int
 13.000000 0.200000 0.092857 0.292857 int
 13.000000 0.200000 0.096429 0.296429 int
END_ARC 
BEGIN_ARC 
BC MIX 0.0
 BC INT    
 14.000000 0.200000 0.025000 0.100000 start
 14.000000 0.200000 0.050000 0.250000 end
 14.000000 0.200000 0.025862 0.105172 int
 14.000000 0.200000 0.026724 0.110345 int
 14.000000 0.200000 0.027586 0.115517 int
 14.000000 0.200000 0.028448 0.120690 int
 14.000000 0.200000 0.029310 0.125862 int
 14.000000 0.200000 0.030172 0.131034 int
 14.000000 0.200000 0.031034 0.136207 int
 14.000000 0.200000 0.031897 0.141379 int
 14.000000 0.200000 0.032759 0.146552 int
 14.000000 0.200000 0.033621 0.151724 int
 14.000000 0.200000 0.034483 0.156897 int
 14.000000 0.200000 0.035345 0.162069 int
 14.000000 0.200000 0.036207 0.167241 int
 14.000000 0.200000 0.037069 0.172414 int
 14.000000 0.200000 0.037931 0.177586 int
 14.000000 0.200000 0.038793 0.182759 int
 14.000000 0.200000 0.039655 0.187931 int
 14.000000 0.200000 0.040517 0.193103 int
 14.000000 0.200000 0.041379 0.198276 int
 14.000000 0.200000 0.042241 0.203448 int
 14.000000 0.200000 0.043103 0.208621 int
 14.000000 0.200000 0.043966 0.213793 int
 14.000000 0.200000 0.044828 0.218966 int
 14.000000 0.200000 0.045690 0.224138 int
 14.000000 0.200000 0.046552 0.229310 int
 14.000000 0.200000 0.047414 0.234483 int
 14.000000 0.200000 0.048276 0.239655 int
 14.000000 0.200000 0.049138 0.244828 int
END_ARC 
BEGIN_ARC 
BC MIX 0.0
 BC INT    
 15.000000 0.200000 0.075000 0.100000 start
 15.000000 0.200000 0.050000 0.250000 end
 15.000000 0.200000 0.074138 0.105172 int
 15.000000 0.200000 0.073276 0.110345 int
 15.000000 0.200000 0.072414 0.115517 int
 15.000000 0.200000 0.071552 0.120690 int
 15.000000 0.200000 0.070690 0.125862 int
 15.000000 0.200000 0.069828 0.131034 int
 15.000000 0.200000 0.068966 0.136207 int
 15.000000 0.200000 0.068103 0.141379 int
 15.000000 0.200000 0.067241 0.146552 int
 15.000000 0.200000 0.066379 0.151724 int
 15.000000 0.200000 0.065517 0.156897 int
 15.000000 0.200000 0.064655 0.162069 int
 15.000000 0.200000 0.063793 0.167241 int
 15.000000 0.200000 0.062931 0.172414 int
 15.000000 0.200000 0.062069 0.177586 int
 15.000000 0.200000 0.061207 0.182759 int
 15.000000 0.200000 0.060345 0.187931 int
 15.000000 0.200000 0.059483 0.193103 int
 15.000000 0.200000 0.058621 0.198276 int
 15.000000 0.200000 0.057759 0.203448 int
 15.000000 0.200000 0.056897 0.208621 int
 15.000000 0.200000 0.056034 0.213793 int
 15.000000 0.200000 0.055172 0.218966 int
 15.000000 0.200000 0.054310 0.224138 int
 15.000000 0.200000 0.053448 0.229310 int
 15.000000 0.200000 0.052586 0.234483 int
 15.000000 0.200000 0.051724 0.239655 int
 15.000000 0.200000 0.050862 0.244828 int
END_ARC 
END_LIST 